1724314107055 0.12858347594738007 0
1724314121815 0.03168446570634842 1
1724314135358 0.035191796720027924 2
1724314149269 0.029025817289948463 3
1724314163085 0.029042763635516167 4
1724314178251 0.02612966299057007 5
1724314192233 0.029207656159996986 6
1724314207306 0.02512914314866066 7
1724314221195 0.02866789884865284 8
1724314235363 0.026322687044739723 9
1724314247732 0.029747389256954193 10
1724314260569 0.023479115217924118 11
1724314273182 0.023953860625624657 12
1724314286532 0.025845784693956375 13
1724314298207 0.020568527281284332 14
1724314311227 0.022216567769646645 15
1724314323731 0.020475266501307487 16
1724314337679 0.01825236901640892 17
1724314351422 0.02110682800412178 18
1724314365818 0.017313895747065544 19
1724314383849 0.020717762410640717 20
1724314404997 0.01612933538854122 21
1724314417465 0.017352504655718803 22
1724314430015 0.016169406473636627 23
1724314441744 0.01660040393471718 24
1724314453788 0.016956433653831482 25
1724314465695 0.015009128488600254 26
1724314478098 0.019344255328178406 27
1724314489675 0.012350478209555149 28
1724314502417 0.016536138951778412 29
1724314514661 0.010541918687522411 30
1724314528244 0.011769264936447144 31
1724314542468 0.01125427894294262 32
1724314557933 0.0136467469856143 33
1724314573228 0.00973716750741005 34
1724314591672 0.01676304079592228 35
1724314603074 0.011572035029530525 36
1724314614331 0.010921829380095005 37
1724314625327 0.01291041448712349 38
1724314636912 0.013692786917090416 39
1724314649821 0.012113162316381931 40
1724314661848 0.011320773512125015 41
1724314673947 0.011547990143299103 42
1724314686301 0.01125576626509428 43
1724314698639 0.01069727260619402 44
1724314710760 0.01260190736502409 45
1724314723349 0.011317462660372257 46
1724314734778 0.013440007343888283 47
1724314746790 0.011793002486228943 48
1724314758733 0.010654538869857788 49
