1724314107055 0.12815429270267487 0
1724314121815 0.03156496211886406 1
1724314135358 0.03509734570980072 2
1724314149269 0.02891022339463234 3
1724314163085 0.02892659232020378 4
1724314178251 0.026068346574902534 5
1724314192233 0.02909024804830551 6
1724314207306 0.025081221014261246 7
1724314221195 0.028667503967881203 8
1724314235363 0.026227431371808052 9
1724314247732 0.02963467873632908 10
1724314260569 0.02340094931423664 11
1724314273182 0.023874452337622643 12
1724314286532 0.02575007826089859 13
1724314298207 0.02051611617207527 14
1724314311227 0.0221406240016222 15
1724314323731 0.020418666303157806 16
1724314337679 0.018184823915362358 17
1724314351422 0.021067216992378235 18
1724314365818 0.017347516492009163 19
1724314383849 0.020642397925257683 20
1724314404997 0.016077322885394096 21
1724314417465 0.01729239709675312 22
1724314430015 0.01612071692943573 23
1724314441744 0.016537752002477646 24
1724314453788 0.016911262646317482 25
1724314465695 0.015203049406409264 26
1724314478098 0.019277121871709824 27
1724314489675 0.01235208846628666 28
1724314502417 0.016477253288030624 29
1724314514661 0.010516295209527016 30
1724314528244 0.011736294254660606 31
1724314542468 0.011248086579144001 32
1724314557933 0.013623487204313278 33
1724314573228 0.012166721746325493 34
1724314591672 0.016701234504580498 35
1724314603074 0.011530880816280842 36
1724314614331 0.01089278794825077 37
1724314625327 0.012878096662461758 38
1724314636912 0.013644147664308548 39
1724314649821 0.012066686525940895 40
1724314661848 0.011310952715575695 41
1724314673947 0.011550241149961948 42
1724314686301 0.011213256046175957 43
1724314698639 0.01067396905273199 44
1724314710760 0.012553813867270947 45
1724314723349 0.011342847719788551 46
1724314734778 0.013417011126875877 47
1724314746790 0.011747922748327255 48
1724314758733 0.010617299005389214 49
