1724312531631 0.3122069239616394 0
1724312552033 0.03853178396821022 1
1724312567957 0.034828901290893555 2
1724312586237 0.03369266167283058 3
1724312603963 0.03063501976430416 4
1724312622289 0.029264863580465317 5
1724312641115 0.03244423866271973 6
1724312660335 0.0290398970246315 7
1724312679432 0.027275288477540016 8
1724312699419 0.02743103913962841 9
1724312719286 0.028767675161361694 10
1724312739453 0.02550538070499897 11
1724312759037 0.028011135756969452 12
1724312776937 0.027226533740758896 13
1724312794746 0.025936024263501167 14
1724312812723 0.02543332800269127 15
1724312833328 0.025375284254550934 16
1724312854578 0.026418296620249748 17
1724312874259 0.023695066571235657 18
1724312894204 0.022740745916962624 19
1724312914062 0.023587552830576897 20
1724312933464 0.023466266691684723 21
1724312954644 0.022828515619039536 22
1724312972660 0.022060122340917587 23
1724312991177 0.02488900162279606 24
1724313013068 0.019936643540859222 25
1724313033690 0.021870601922273636 26
1724313056480 0.02105201967060566 27
1724313077747 0.023256825283169746 28
1724313097785 0.01712123118340969 29
1724313116098 0.01866835728287697 30
1724313133916 0.015465177595615387 31
1724313153373 0.02150455303490162 32
1724313174238 0.017547741532325745 33
1724313195881 0.0206105075776577 34
1724313217026 0.01632527820765972 35
1724313238636 0.01755000278353691 36
1724313259255 0.019160468131303787 37
1724313280610 0.013439047150313854 38
1724313302419 0.014869165606796741 39
1724313324640 0.015712540596723557 40
1724313345778 0.013477991335093975 41
1724313365572 0.013127819634974003 42
1724313383179 0.014691216871142387 43
1724313400444 0.012444027699530125 44
1724313421155 0.014584969729185104 45
1724313439314 0.011728273704648018 46
1724313456636 0.012740325182676315 47
1724313474484 0.015496180392801762 48
1724313491885 0.01499348133802414 49
