1724312531631 0.5587548017501831 0
1724312552033 0.1962951421737671 1
1724312567957 0.18662503361701965 2
1724312586237 0.18355560302734375 3
1724312603963 0.17502862215042114 4
1724312622289 0.17106975615024567 5
1724312641115 0.18012283742427826 6
1724312660335 0.17041096091270447 7
1724312679432 0.16515232622623444 8
1724312699419 0.16562318801879883 9
1724312719286 0.16961036622524261 10
1724312739453 0.1597040444612503 11
1724312759037 0.16736528277397156 12
1724312776937 0.1650046408176422 13
1724312794746 0.16104665398597717 14
1724312812723 0.1594783067703247 15
1724312833328 0.1592962145805359 16
1724312854578 0.16253706812858582 17
1724312874259 0.15393202006816864 18
1724312894204 0.15080034732818604 19
1724312914062 0.1535823941230774 20
1724312933464 0.15318703651428223 21
1724312954644 0.1510910838842392 22
1724312972660 0.14852650463581085 23
1724312991177 0.15776248276233673 24
1724313013068 0.14119717478752136 25
1724313033690 0.14788712561130524 26
1724313056480 0.1450931429862976 27
1724313077747 0.1525018811225891 28
1724313097785 0.13084812462329865 29
1724313116098 0.13663220405578613 30
1724313133916 0.12435906380414963 31
1724313153373 0.14664430916309357 32
1724313174238 0.13246789574623108 33
1724313195881 0.14356359839439392 34
1724313217026 0.12777040898799896 35
1724313238636 0.13247641921043396 36
1724313259255 0.13842134177684784 37
1724313280610 0.11592690646648407 38
1724313302419 0.12193918973207474 39
1724313324640 0.12534967064857483 40
1724313345778 0.11609475314617157 41
1724313365572 0.11457669734954834 42
1724313383179 0.1212073266506195 43
1724313400444 0.11155280470848083 44
1724313421155 0.12076824903488159 45
1724313439314 0.10829715430736542 46
1724313456636 0.11287304759025574 47
1724313474484 0.12448365241289139 48
1724313491885 0.12244787067174911 49
